                           open        high         low       close       volume         value
2021-12-14 15:30:00  57673000.0  57730000.0  57419000.0  57430000.0   204.273451  1.176663e+10
2021-12-14 15:45:00  57440000.0  57831000.0  57347000.0  57783000.0   207.458469  1.193995e+10
2021-12-14 16:00:00  57794000.0  57915000.0  57531000.0  57677000.0   110.417809  6.370390e+09
2021-12-14 16:15:00  57670000.0  57913000.0  57633000.0  57801000.0    82.138433  4.745118e+09
2021-12-14 16:30:00  57820000.0  58040000.0  57782000.0  57935000.0    62.089579  3.597539e+09
2021-12-14 16:45:00  57935000.0  58300000.0  57930000.0  58276000.0    92.767449  5.393846e+09
2021-12-14 17:00:00  58280000.0  58555000.0  58185000.0  58324000.0    86.345212  5.039963e+09
2021-12-14 17:15:00  58324000.0  58429000.0  58237000.0  58428000.0    55.245383  3.223033e+09
2021-12-14 17:30:00  58429000.0  58958000.0  58413000.0  58958000.0   136.579595  8.015652e+09
2021-12-14 17:45:00  58958000.0  59137000.0  58734000.0  59128000.0   111.987398  6.597294e+09
2021-12-14 18:00:00  59138000.0  59168000.0  58577000.0  58578000.0   102.871408  6.060068e+09
2021-12-14 18:15:00  58578000.0  58893000.0  58500000.0  58736000.0    70.918771  4.164600e+09
2021-12-14 18:30:00  58736000.0  58820000.0  58279000.0  58296000.0    76.845676  4.496556e+09
2021-12-14 18:45:00  58299000.0  58323000.0  58020000.0  58024000.0    78.728701  4.579701e+09
2021-12-14 19:00:00  58040000.0  58200000.0  58022000.0  58149000.0    52.691392  3.063007e+09
2021-12-14 19:15:00  58149000.0  58450000.0  58101000.0  58276000.0    61.220969  3.566924e+09
2021-12-14 19:30:00  58276000.0  58623000.0  58140000.0  58400000.0   149.976058  8.752851e+09
2021-12-14 19:45:00  58397000.0  58892000.0  58332000.0  58887000.0   107.422799  6.301524e+09
2021-12-14 20:00:00  58855000.0  58954000.0  58500000.0  58650000.0    83.482214  4.903270e+09
2021-12-14 20:15:00  58651000.0  58785000.0  58510000.0  58699000.0    58.191584  3.415671e+09
2021-12-14 20:30:00  58710000.0  58780000.0  58466000.0  58763000.0    55.029912  3.227301e+09
2021-12-14 20:45:00  58727000.0  59301000.0  58623000.0  59300000.0   204.825319  1.208153e+10
2021-12-14 21:00:00  59300000.0  59661000.0  59290000.0  59435000.0   244.551926  1.455350e+10
2021-12-14 21:15:00  59458000.0  59685000.0  59316000.0  59322000.0   108.285705  6.447508e+09
2021-12-14 21:30:00  59358000.0  59395000.0  59100000.0  59198000.0    92.619086  5.485840e+09
2021-12-14 21:45:00  59198000.0  59350000.0  59024000.0  59025000.0    73.063976  4.323384e+09
2021-12-14 22:00:00  59025000.0  59203000.0  59015000.0  59203000.0    46.770190  2.765042e+09
2021-12-14 22:15:00  59199000.0  59203000.0  58746000.0  58902000.0    98.425200  5.797536e+09
2021-12-14 22:30:00  58955000.0  58955000.0  58434000.0  58507000.0   101.139086  5.929387e+09
2021-12-14 22:45:00  58501000.0  58730000.0  58453000.0  58673000.0    54.547676  3.195937e+09
2021-12-14 23:00:00  58673000.0  58763000.0  58299000.0  58349000.0    56.180051  3.287709e+09
2021-12-14 23:15:00  58398000.0  58457000.0  58226000.0  58349000.0    64.650881  3.768943e+09
2021-12-14 23:30:00  58349000.0  58750000.0  58318000.0  58625000.0    55.689320  3.261305e+09
2021-12-14 23:45:00  58625000.0  58800000.0  58593000.0  58770000.0    50.039117  2.936496e+09
2021-12-15 00:00:00  58766000.0  58800000.0  58595000.0  58643000.0    34.709652  2.037885e+09
2021-12-15 00:15:00  58652000.0  59050000.0  58584000.0  59035000.0    52.222474  3.073605e+09
2021-12-15 00:30:00  59035000.0  59040000.0  58620000.0  58725000.0    39.404324  2.318627e+09
2021-12-15 00:45:00  58725000.0  58780000.0  58150000.0  58196000.0    69.808106  4.071031e+09
2021-12-15 01:00:00  58205000.0  58525000.0  58050000.0  58260000.0    69.529754  4.048703e+09
2021-12-15 01:15:00  58260000.0  58260000.0  57950000.0  58200000.0    67.721146  3.931838e+09
2021-12-15 01:30:00  58249000.0  58469000.0  58106000.0  58306000.0    41.011737  2.389565e+09
2021-12-15 01:45:00  58308000.0  58399000.0  58011000.0  58023000.0    36.237192  2.109266e+09
2021-12-15 02:00:00  58074000.0  58211000.0  57994000.0  58054000.0    30.613571  1.777962e+09
2021-12-15 02:15:00  58089000.0  58310000.0  58054000.0  58300000.0    24.599036  1.431843e+09
2021-12-15 02:30:00  58310000.0  58310000.0  58000000.0  58023000.0    17.872247  1.039256e+09
2021-12-15 02:45:00  58023000.0  58023000.0  57830000.0  57881000.0    38.781591  2.246269e+09
2021-12-15 03:00:00  57889000.0  58169000.0  57889000.0  58047000.0    16.279572  9.446542e+08
2021-12-15 03:15:00  58047000.0  58090000.0  57918000.0  58030000.0    20.254602  1.174458e+09
2021-12-15 03:30:00  58050000.0  58050000.0  57758000.0  57824000.0    33.162153  1.918560e+09
2021-12-15 03:45:00  57823000.0  57900000.0  57748000.0  57831000.0    24.259487  1.402442e+09
2021-12-15 04:00:00  57831000.0  58310000.0  57807000.0  58084000.0    32.568946  1.889977e+09
2021-12-15 04:15:00  58131000.0  58247000.0  58080000.0  58172000.0    16.238369  9.446271e+08
2021-12-15 04:30:00  58200000.0  58280000.0  58070000.0  58079000.0    16.156152  9.393552e+08
2021-12-15 04:45:00  58082000.0  58122000.0  57918000.0  58029000.0    14.701937  8.531940e+08
2021-12-15 05:00:00  58029000.0  58390000.0  58023000.0  58321000.0    15.533119  9.052524e+08
2021-12-15 05:15:00  58334000.0  58591000.0  58321000.0  58480000.0    14.498969  8.475146e+08
2021-12-15 05:30:00  58480000.0  59208000.0  58427000.0  59207000.0    53.238910  3.140414e+09
2021-12-15 05:45:00  59207000.0  59207000.0  58949000.0  59121000.0    37.634110  2.222915e+09
2021-12-15 06:00:00  59128000.0  59824000.0  59081000.0  59650000.0   123.355615  7.347239e+09
2021-12-15 06:15:00  59650000.0  59809000.0  59450000.0  59739000.0    68.328336  4.074138e+09
2021-12-15 06:30:00  59739000.0  60020000.0  59537000.0  60005000.0    96.187421  5.762094e+09
2021-12-15 06:45:00  60005000.0  60150000.0  59523000.0  59604000.0    93.656688  5.607607e+09
2021-12-15 07:00:00  59673000.0  59925000.0  59594000.0  59693000.0    41.159975  2.458775e+09
2021-12-15 07:15:00  59693000.0  59920000.0  59513000.0  59519000.0    44.849730  2.678861e+09
2021-12-15 07:30:00  59599000.0  59798000.0  59450000.0  59797000.0    43.612343  2.598285e+09
2021-12-15 07:45:00  59798000.0  59908000.0  59658000.0  59828000.0    47.073021  2.816337e+09
2021-12-15 08:00:00  59827000.0  59944000.0  59613000.0  59904000.0    45.878751  2.744059e+09
2021-12-15 08:15:00  59904000.0  59905000.0  59724000.0  59802000.0    43.260660  2.587569e+09
2021-12-15 08:30:00  59802000.0  59830000.0  59702000.0  59784000.0    30.607548  1.829261e+09
2021-12-15 08:45:00  59784000.0  59998000.0  59715000.0  59930000.0    72.869967  4.362355e+09
2021-12-15 09:00:00  59909000.0  60104000.0  59685000.0  59889000.0    96.852081  5.803828e+09
2021-12-15 09:15:00  59892000.0  60299000.0  59480000.0  60038000.0   137.599331  8.249471e+09
2021-12-15 09:30:00  60038000.0  60084000.0  59599000.0  59599000.0    93.118306  5.579369e+09
2021-12-15 09:45:00  59603000.0  59770000.0  59570000.0  59614000.0    65.111775  3.881382e+09
2021-12-15 10:00:00  59601000.0  59638000.0  59467000.0  59508000.0    61.508589  3.662349e+09
2021-12-15 10:15:00  59508000.0  59595000.0  59508000.0  59520000.0    32.744067  1.949729e+09
2021-12-15 10:30:00  59536000.0  59536000.0  59367000.0  59368000.0    68.421921  4.065026e+09
2021-12-15 10:45:00  59380000.0  59445000.0  59337000.0  59397000.0    36.534525  2.169264e+09
2021-12-15 11:00:00  59397000.0  59401000.0  59150000.0  59190000.0    59.197350  3.508116e+09
2021-12-15 11:15:00  59196000.0  59295000.0  59185000.0  59293000.0    60.652290  3.591658e+09
2021-12-15 11:30:00  59294000.0  59294000.0  59100000.0  59111000.0    54.437329  3.220923e+09
2021-12-15 11:45:00  59119000.0  59181000.0  59109000.0  59153000.0    52.712841  3.117100e+09
2021-12-15 12:00:00  59157000.0  59245000.0  59152000.0  59216000.0    40.436544  2.393245e+09
2021-12-15 12:15:00  59213000.0  59459000.0  59213000.0  59434000.0    31.656681  1.877272e+09
2021-12-15 12:30:00  59413000.0  59434000.0  59345000.0  59418000.0    24.251465  1.440685e+09
2021-12-15 12:45:00  59418000.0  59650000.0  59410000.0  59640000.0    38.745036  2.307069e+09
2021-12-15 13:00:00  59640000.0  61080000.0  59363000.0  59611000.0  1329.446321  7.987260e+10
2021-12-15 13:15:00  59611000.0  60128000.0  59600000.0  60083000.0   303.148856  1.816115e+10
2021-12-15 13:30:00  60084000.0  60094000.0  59802000.0  59974000.0   126.171545  7.565241e+09
2021-12-15 13:45:00  59974000.0  60002000.0  59638000.0  59780000.0   117.617188  7.035287e+09
2021-12-15 14:00:00  59782000.0  59936000.0  59682000.0  59700000.0   107.766299  6.446650e+09
2021-12-15 14:15:00  59700000.0  59725000.0  59544000.0  59622000.0    87.850740  5.236318e+09
2021-12-15 14:30:00  59622000.0  59814000.0  59588000.0  59610000.0    97.198043  5.803361e+09
2021-12-15 14:45:00  59661000.0  59661000.0  59512000.0  59587000.0    63.456143  3.779773e+09
2021-12-15 15:00:00  59582000.0  60000000.0  59365000.0  59544000.0   527.528220  3.149130e+10
2021-12-15 15:15:00  59544000.0  59656000.0  59412000.0  59600000.0   156.372420  9.313792e+09
2021-12-15 15:30:00  59600000.0  59636000.0  59371000.0  59408000.0    99.377398  5.910311e+09
2021-12-15 15:45:00  59408000.0  59519000.0  59376000.0  59494000.0    58.951239  3.505581e+09
2021-12-15 16:00:00  59432000.0  59604000.0  59246000.0  59602000.0    88.057231  5.228650e+09
2021-12-15 16:15:00  59602000.0  59650000.0  59444000.0  59489000.0    55.728812  3.319435e+09
2021-12-15 16:30:00  59489000.0  59647000.0  59443000.0  59600000.0    56.177788  3.345711e+09
2021-12-15 16:45:00  59601000.0  59713000.0  59601000.0  59609000.0    70.854229  4.226352e+09
2021-12-15 17:00:00  59609000.0  59780000.0  59563000.0  59663000.0    68.289189  4.074517e+09
2021-12-15 17:15:00  59678000.0  59910000.0  59588000.0  59879000.0    70.661512  4.227011e+09
2021-12-15 17:30:00  59870000.0  60119000.0  59841000.0  60084000.0   129.994053  7.802135e+09
2021-12-15 17:45:00  60084000.0  60150000.0  59916000.0  59982000.0   105.307178  6.323062e+09
2021-12-15 18:00:00  60028000.0  60130000.0  59850000.0  59893000.0    75.340855  4.519557e+09
2021-12-15 18:15:00  59891000.0  59934000.0  59824000.0  59865000.0    30.105833  1.803430e+09
2021-12-15 18:30:00  59865000.0  59923000.0  59800000.0  59901000.0    41.194096  2.466048e+09
2021-12-15 18:45:00  59905000.0  60100000.0  59899000.0  60037000.0    41.850639  2.511171e+09
2021-12-15 19:00:00  60048000.0  60200000.0  59988000.0  60130000.0    57.427624  3.452448e+09
2021-12-15 19:15:00  60130000.0  60130000.0  59814000.0  59908000.0    61.213074  3.669248e+09
2021-12-15 19:30:00  59907000.0  59939000.0  59797000.0  59850000.0    46.850491  2.804710e+09
2021-12-15 19:45:00  59850000.0  59885000.0  59712000.0  59731000.0    35.058818  2.096440e+09
2021-12-15 20:00:00  59731000.0  59800000.0  59646000.0  59773000.0    26.942025  1.608907e+09
2021-12-15 20:15:00  59775000.0  59792000.0  59424000.0  59451000.0    66.408590  3.956126e+09
2021-12-15 20:30:00  59451000.0  59700000.0  59450000.0  59639000.0    26.325483  1.568668e+09
2021-12-15 20:45:00  59668000.0  59671000.0  59542000.0  59542000.0    29.087803  1.733530e+09
2021-12-15 21:00:00  59542000.0  59718000.0  59450000.0  59634000.0    37.420851  2.230467e+09
2021-12-15 21:15:00  59634000.0  59697000.0  59584000.0  59653000.0    36.737126  2.190903e+09
2021-12-15 21:30:00  59654000.0  59658000.0  59080000.0  59160000.0   154.948063  9.187918e+09
2021-12-15 21:45:00  59160000.0  59218000.0  58754000.0  58872000.0   144.728421  8.530711e+09
2021-12-15 22:00:00  58873000.0  59005000.0  58755000.0  58875000.0   103.181624  6.070612e+09
2021-12-15 22:15:00  58898000.0  58899000.0  58617000.0  58837000.0    83.719153  4.920682e+09
2021-12-15 22:30:00  58867000.0  59153000.0  58830000.0  59129000.0    55.179159  3.256548e+09
2021-12-15 22:45:00  59131000.0  59199000.0  58896000.0  58973000.0    45.838081  2.707411e+09
2021-12-15 23:00:00  58973000.0  59050000.0  58808000.0  59000000.0    50.989466  3.003718e+09
2021-12-15 23:15:00  59000000.0  59023000.0  58900000.0  58964000.0    24.995278  1.473689e+09
2021-12-15 23:30:00  58967000.0  58967000.0  58553000.0  58555000.0    97.997422  5.752032e+09
2021-12-15 23:45:00  58555000.0  58704000.0  58471000.0  58669000.0    72.633554  4.253462e+09
2021-12-16 00:00:00  58669000.0  58700000.0  58100000.0  58149000.0   132.667672  7.736311e+09
2021-12-16 00:15:00  58149000.0  58352000.0  58055000.0  58204000.0    76.526237  4.452415e+09
2021-12-16 00:30:00  58204000.0  58549000.0  58204000.0  58353000.0    59.078004  3.452123e+09
2021-12-16 00:45:00  58380000.0  58381000.0  58098000.0  58100000.0    73.386467  4.271574e+09
2021-12-16 01:00:00  58103000.0  58467000.0  58090000.0  58357000.0    85.967905  5.010567e+09
2021-12-16 01:15:00  58357000.0  58516000.0  58163000.0  58435000.0    40.614278  2.369797e+09
2021-12-16 01:30:00  58461000.0  58461000.0  58170000.0  58323000.0    46.138573  2.690845e+09
2021-12-16 01:45:00  58323000.0  58493000.0  58253000.0  58467000.0    18.896024  1.102825e+09
2021-12-16 02:00:00  58467000.0  58613000.0  58396000.0  58510000.0    23.464878  1.372969e+09
2021-12-16 02:15:00  58510000.0  58510000.0  58361000.0  58503000.0    30.172387  1.763753e+09
2021-12-16 02:30:00  58503000.0  58917000.0  58441000.0  58740000.0    41.607917  2.443432e+09
2021-12-16 02:45:00  58741000.0  58787000.0  58530000.0  58658000.0    20.107324  1.179672e+09
2021-12-16 03:00:00  58657000.0  58733000.0  58549000.0  58730000.0    28.752103  1.686285e+09
2021-12-16 03:15:00  58730000.0  58836000.0  58693000.0  58765000.0    19.082432  1.121496e+09
2021-12-16 03:30:00  58765000.0  59175000.0  58731000.0  59116000.0    45.643048  2.692218e+09
2021-12-16 03:45:00  59170000.0  59847000.0  59004000.0  59356000.0   158.271676  9.415607e+09
2021-12-16 04:00:00  59353000.0  61161000.0  58800000.0  61067000.0   586.519471  3.547679e+10
2021-12-16 04:15:00  61082000.0  61148000.0  59257000.0  59824000.0   329.108445  1.991334e+10
2021-12-16 04:30:00  59824000.0  61014000.0  59559000.0  60607000.0   240.320720  1.450625e+10
2021-12-16 04:45:00  60507000.0  61083000.0  60459000.0  60934000.0   155.673819  9.475108e+09
2021-12-16 05:00:00  60948000.0  61668000.0  60897000.0  61547000.0   300.200009  1.842592e+10
2021-12-16 05:15:00  61547000.0  61791000.0  61139000.0  61699000.0   177.459358  1.091308e+10
2021-12-16 05:30:00  61784000.0  62150000.0  61558000.0  61999000.0   243.844183  1.511089e+10
2021-12-16 05:45:00  61999000.0  62000000.0  61500000.0  61638000.0   165.548203  1.022407e+10
2021-12-16 06:00:00  61630000.0  61800000.0  61393000.0  61400000.0   105.882091  6.520865e+09
2021-12-16 06:15:00  61400000.0  61439000.0  61139000.0  61439000.0   122.322955  7.499458e+09
2021-12-16 06:30:00  61439000.0  61596000.0  61300000.0  61349000.0    77.648396  4.772561e+09
2021-12-16 06:45:00  61349000.0  61547000.0  61277000.0  61486000.0    52.855072  3.244619e+09
2021-12-16 07:00:00  61486000.0  61486000.0  61214000.0  61241000.0    69.427122  4.260817e+09
2021-12-16 07:15:00  61241000.0  61300000.0  60880000.0  60994000.0   121.871533  7.442010e+09
2021-12-16 07:30:00  60992000.0  61094000.0  60780000.0  61023000.0   104.731318  6.381050e+09
2021-12-16 07:45:00  61023000.0  61141000.0  60769000.0  60883000.0    75.719393  4.613483e+09
2021-12-16 08:00:00  60879000.0  61300000.0  60878000.0  61244000.0    87.983719  5.380087e+09
2021-12-16 08:15:00  61244000.0  61254000.0  61151000.0  61200000.0    50.100811  3.066604e+09
2021-12-16 08:30:00  61200000.0  61220000.0  61056000.0  61092000.0    56.426818  3.450528e+09
2021-12-16 08:45:00  61092000.0  61240000.0  61049000.0  61198000.0    90.261467  5.517476e+09
2021-12-16 09:00:00  61196000.0  61249000.0  60900000.0  61128000.0   135.170696  8.258397e+09
2021-12-16 09:15:00  61128000.0  61519000.0  61113000.0  61439000.0   178.834405  1.098031e+10
2021-12-16 09:30:00  61442000.0  61500000.0  61243000.0  61500000.0   113.956357  6.997879e+09
2021-12-16 09:45:00  61500000.0  61660000.0  61400000.0  61419000.0    98.076330  6.038239e+09
2021-12-16 10:00:00  61400000.0  61430000.0  61000000.0  61000000.0    79.586246  4.870895e+09
2021-12-16 10:15:00  61012000.0  61100000.0  60897000.0  60900000.0    79.324324  4.836654e+09
2021-12-16 10:30:00  60900000.0  60900000.0  60700000.0  60733000.0    95.886002  5.831623e+09
2021-12-16 10:45:00  60733000.0  60873000.0  60700000.0  60862000.0    73.054184  4.442626e+09
2021-12-16 11:00:00  60860000.0  61000000.0  60846000.0  60999000.0    49.912414  3.041304e+09
2021-12-16 11:15:00  60999000.0  61000000.0  60854000.0  60964000.0    41.004267  2.498486e+09
2021-12-16 11:30:00  60980000.0  60998000.0  60940000.0  60976000.0    38.187036  2.328733e+09
2021-12-16 11:45:00  60977000.0  61034000.0  60960000.0  60977000.0    43.410284  2.647567e+09
2021-12-16 12:00:00  60977000.0  61000000.0  60916000.0  60916000.0    33.475910  2.040907e+09
2021-12-16 12:15:00  60919000.0  60919000.0  60654000.0  60671000.0    57.361202  3.485824e+09
2021-12-16 12:30:00  60671000.0  60671000.0  60505000.0  60629000.0    57.052381  3.457823e+09
2021-12-16 12:45:00  60629000.0  60699000.0  60628000.0  60664000.0    38.769508  2.352157e+09
2021-12-16 13:00:00  60664000.0  60868000.0  60661000.0  60705000.0    44.950094  2.729770e+09
2021-12-16 13:15:00  60705000.0  60705000.0  60506000.0  60682000.0    65.259926  3.954607e+09
2021-12-16 13:30:00  60682000.0  60682000.0  60512000.0  60605000.0    44.820500  2.715495e+09
2021-12-16 13:45:00  60636000.0  60741000.0  60603000.0  60731000.0    61.610584  3.738839e+09
2021-12-16 14:00:00  60726000.0  60768000.0  60520000.0  60636000.0    77.906790  4.724393e+09
2021-12-16 14:15:00  60636000.0  60967000.0  60636000.0  60842000.0   226.491926  1.376520e+10
2021-12-16 14:30:00  60807000.0  60842000.0  60630000.0  60695000.0   114.056476  6.929895e+09
2021-12-16 14:45:00  60695000.0  60724000.0  60448000.0  60448000.0   144.522126  8.755110e+09
2021-12-16 15:00:00  60447000.0  60641000.0  60410000.0  60555000.0   121.956669  7.377276e+09
2021-12-16 15:15:00  60556000.0  60827000.0  60554000.0  60811000.0   169.714440  1.030307e+10
2021-12-16 15:30:00  60816000.0  60817000.0  60658000.0  60719000.0   134.664461  8.180431e+09
2021-12-16 15:45:00  60718000.0  60954000.0  60700000.0  60848000.0   155.550436  9.466379e+09
2021-12-16 16:00:00  60851000.0  60959000.0  60799000.0  60815000.0   109.415944  6.662661e+09
2021-12-16 16:15:00  60817000.0  60921000.0  60778000.0  60890000.0    53.238420  3.239694e+09
2021-12-16 16:30:00  60890000.0  60920000.0  60790000.0  60915000.0    72.445832  4.409404e+09
2021-12-16 16:45:00  60916000.0  60950000.0  60699000.0  60874000.0    96.174498  5.850833e+09
2021-12-16 17:00:00  60874000.0  60918000.0  60800000.0  60841000.0   116.986075  7.118484e+09
2021-12-16 17:15:00  60841000.0  61050000.0  60701000.0  60715000.0   186.885552  1.137934e+10
2021-12-16 17:30:00  60773000.0  60976000.0  60703000.0  60930000.0   104.879336  6.385307e+09
2021-12-16 17:45:00  60930000.0  61000000.0  60734000.0  60777000.0   102.109257  6.214946e+09
2021-12-16 18:00:00  60776000.0  60877000.0  60746000.0  60829000.0    70.046153  4.261126e+09
2021-12-16 18:15:00  60829000.0  60996000.0  60803000.0  60900000.0   120.780908  7.358789e+09
2021-12-16 18:30:00  60901000.0  61000000.0  60880000.0  60915000.0    91.505098  5.577038e+09
2021-12-16 18:45:00  60901000.0  61034000.0  60900000.0  61008000.0    67.533530  4.116825e+09
2021-12-16 19:00:00  61000000.0  61300000.0  60970000.0  61285000.0   118.334058  7.239401e+09
2021-12-16 19:15:00  61290000.0  61397000.0  61165000.0  61183000.0   106.561960  6.529192e+09
2021-12-16 19:30:00  61198000.0  61303000.0  61183000.0  61284000.0    60.521692  3.707474e+09
2021-12-16 19:45:00  61285000.0  61305000.0  61174000.0  61251000.0    57.292452  3.509492e+09
2021-12-16 20:00:00  61251000.0  61305000.0  60909000.0  61001000.0    79.556487  4.861860e+09
2021-12-16 20:15:00  61002000.0  61078000.0  60880000.0  61076000.0    57.416192  3.501407e+09
2021-12-16 20:30:00  61077000.0  61450000.0  61067000.0  61440000.0   109.356559  6.697626e+09
2021-12-16 20:45:00  61440000.0  61500000.0  61131000.0  61243000.0    64.139130  3.932851e+09
2021-12-16 21:00:00  61230000.0  61243000.0  61073000.0  61088000.0    63.781692  3.901453e+09
2021-12-16 21:15:00  61074000.0  61194000.0  61072000.0  61154000.0    64.753495  3.956988e+09
2021-12-16 21:30:00  61125000.0  61187000.0  60723000.0  60859000.0    88.489754  5.396266e+09
2021-12-16 21:45:00  60859000.0  60876000.0  60651000.0  60701000.0   104.541660  6.352679e+09
2021-12-16 22:00:00  60701000.0  60780000.0  60444000.0  60529000.0   122.005653  7.391883e+09
2021-12-16 22:15:00  60529000.0  60804000.0  60451000.0  60717000.0   124.046116  7.521323e+09
2021-12-16 22:30:00  60720000.0  60802000.0  60612000.0  60797000.0    72.642798  4.409767e+09
2021-12-16 22:45:00  60797000.0  61213000.0  60750000.0  60956000.0    86.049970  5.239240e+09
2021-12-16 23:00:00  60952000.0  60956000.0  60609000.0  60678000.0    55.304537  3.356727e+09
2021-12-16 23:15:00  60678000.0  60784000.0  60538000.0  60737000.0    59.561750  3.613259e+09
2021-12-16 23:30:00  60737000.0  60876000.0  60538000.0  60539000.0    86.168567  5.231436e+09
2021-12-16 23:45:00  60538000.0  60639000.0  60490000.0  60524000.0    71.602975  4.335211e+09
2021-12-17 00:00:00  60526000.0  60544000.0  60316000.0  60431000.0   123.604926  7.466428e+09
2021-12-17 00:15:00  60422000.0  60549000.0  60321000.0  60546000.0    67.936200  4.104726e+09
2021-12-17 00:30:00  60546000.0  60716000.0  60546000.0  60609000.0    75.397537  4.570735e+09
2021-12-17 00:45:00  60622000.0  60700000.0  60439000.0  60622000.0   133.107875  8.066048e+09
2021-12-17 01:00:00  60637000.0  60659000.0  60350000.0  60452000.0   129.709193  7.851178e+09
2021-12-17 01:15:00  60452000.0  60624000.0  60400000.0  60451000.0    83.192522  5.029535e+09
2021-12-17 01:30:00  60530000.0  60650000.0  60402000.0  60629000.0   132.918453  8.043711e+09
2021-12-17 01:45:00  60630000.0  60800000.0  60500000.0  60598000.0   125.357570  7.604200e+09
2021-12-17 02:00:00  60598000.0  60649000.0  60272000.0  60348000.0    76.473449  4.619823e+09
2021-12-17 02:15:00  60348000.0  60456000.0  60206000.0  60284000.0    58.722231  3.542040e+09
2021-12-17 02:30:00  60284000.0  60374000.0  60200000.0  60201000.0    38.434957  2.315744e+09
2021-12-17 02:45:00  60201000.0  60335000.0  60185000.0  60197000.0    46.638002  2.810174e+09
2021-12-17 03:00:00  60197000.0  60502000.0  60181000.0  60415000.0    31.592333  1.905479e+09
2021-12-17 03:15:00  60425000.0  60425000.0  60254000.0  60336000.0    25.877808  1.561132e+09
2021-12-17 03:30:00  60336000.0  60336000.0  60059000.0  60128000.0    69.980143  4.210163e+09
2021-12-17 03:45:00  60183000.0  60191000.0  60038000.0  60141000.0    50.291361  3.021903e+09
2021-12-17 04:00:00  60141000.0  60188000.0  60075000.0  60088000.0    24.246870  1.458077e+09
2021-12-17 04:15:00  60116000.0  60149000.0  59937000.0  59952000.0    61.560212  3.694099e+09
2021-12-17 04:30:00  59953000.0  60051000.0  59934000.0  59985000.0    50.441437  3.025932e+09
2021-12-17 04:45:00  59985000.0  60090000.0  59900000.0  59957000.0    39.844067  2.389193e+09
2021-12-17 05:00:00  60038000.0  60193000.0  59954000.0  60158000.0    37.465356  2.252214e+09
2021-12-17 05:15:00  60084000.0  60561000.0  60083000.0  60502000.0    31.955536  1.927334e+09
2021-12-17 05:30:00  60502000.0  60555000.0  60284000.0  60293000.0    36.166335  2.184047e+09
2021-12-17 05:45:00  60319000.0  60382000.0  60092000.0  60093000.0    24.202503  1.457607e+09
2021-12-17 06:00:00  60099000.0  60300000.0  60052000.0  60268000.0    23.161406  1.394575e+09
2021-12-17 06:15:00  60268000.0  60281000.0  60167000.0  60224000.0    26.808387  1.614372e+09
2021-12-17 06:30:00  60224000.0  60226000.0  60186000.0  60214000.0    18.312648  1.102551e+09
2021-12-17 06:45:00  60215000.0  60273000.0  60184000.0  60236000.0    28.436491  1.712144e+09
2021-12-17 07:00:00  60235000.0  60298000.0  59756000.0  59926000.0   140.239923  8.406576e+09
2021-12-17 07:15:00  59913000.0  59994000.0  59777000.0  59812000.0    68.535093  4.103134e+09
2021-12-17 07:30:00  59863000.0  60050000.0  59812000.0  60017000.0    50.165122  3.006551e+09
2021-12-17 07:45:00  60018000.0  60033000.0  59970000.0  59974000.0    58.685531  3.520774e+09
2021-12-17 08:00:00  59992000.0  59992000.0  59777000.0  59788000.0    96.725478  5.787209e+09
2021-12-17 08:15:00  59788000.0  59834000.0  59779000.0  59804000.0    61.746114  3.692780e+09
2021-12-17 08:30:00  59808000.0  59808000.0  59500000.0  59586000.0   149.400814  8.909235e+09
2021-12-17 08:45:00  59591000.0  59836000.0  59585000.0  59817000.0    91.668229  5.473639e+09
2021-12-17 09:00:00  59820000.0  60069000.0  59596000.0  60004000.0   246.418913  1.475517e+10
2021-12-17 09:15:00  60004000.0  60023000.0  59615000.0  59771000.0   172.903746  1.035203e+10
2021-12-17 09:30:00  59781000.0  60044000.0  59660000.0  59956000.0   151.421745  9.062274e+09
2021-12-17 09:45:00  59956000.0  59989000.0  59850000.0  59943000.0   120.948666  7.248844e+09
2021-12-17 10:00:00  59924000.0  60070000.0  59897000.0  60027000.0   112.369757  6.744226e+09
2021-12-17 10:15:00  60027000.0  60198000.0  59999000.0  60045000.0   175.573092  1.055275e+10
2021-12-17 10:30:00  60045000.0  60046000.0  59810000.0  59884000.0   110.567033  6.624122e+09
2021-12-17 10:45:00  59886000.0  59972000.0  59873000.0  59930000.0    95.936449  5.747820e+09
2021-12-17 11:00:00  59926000.0  59930000.0  59691000.0  59735000.0    81.014441  4.844679e+09
2021-12-17 11:15:00  59735000.0  59821000.0  59611000.0  59704000.0    84.378165  5.034453e+09
2021-12-17 11:30:00  59709000.0  59733000.0  59594000.0  59660000.0    84.973567  5.068039e+09
2021-12-17 11:45:00  59670000.0  59683000.0  59590000.0  59609000.0    97.434692  5.810599e+09
2021-12-17 12:00:00  59609000.0  59662000.0  59465000.0  59520000.0   105.656178  6.289591e+09
2021-12-17 12:15:00  59489000.0  59577000.0  59477000.0  59545000.0    66.958062  3.985560e+09
2021-12-17 12:30:00  59545000.0  59606000.0  59512000.0  59589000.0    55.304777  3.294761e+09
2021-12-17 12:45:00  59589000.0  59689000.0  59560000.0  59627000.0    62.193631  3.707429e+09
2021-12-17 13:00:00  59628000.0  59740000.0  59608000.0  59737000.0    49.561329  2.959004e+09
2021-12-17 13:15:00  59737000.0  59800000.0  59554000.0  59577000.0    84.969620  5.068907e+09
2021-12-17 13:30:00  59580000.0  59786000.0  59554000.0  59641000.0    62.199491  3.708914e+09
2021-12-17 13:45:00  59679000.0  59771000.0  59642000.0  59689000.0    61.952739  3.699175e+09
2021-12-17 14:00:00  59700000.0  59755000.0  59622000.0  59628000.0    42.400362  2.530675e+09
2021-12-17 14:15:00  59657000.0  59680000.0  59513000.0  59607000.0    58.815590  3.506084e+09
2021-12-17 14:30:00  59607000.0  59607000.0  59404000.0  59406000.0    93.458022  5.559054e+09
2021-12-17 14:45:00  59418000.0  59489000.0  59354000.0  59399000.0    70.480821  4.187782e+09
2021-12-17 15:00:00  59420000.0  59524000.0  59217000.0  59379000.0   116.338695  6.912849e+09
2021-12-17 15:15:00  59379000.0  59422000.0  59220000.0  59373000.0   104.022399  6.174356e+09
2021-12-17 15:30:00  59390000.0  59426000.0  59219000.0  59244000.0    93.265824  5.533215e+09
2021-12-17 15:45:00  59244000.0  59386000.0  59147000.0  59255000.0    86.299258  5.112858e+09
2021-12-17 16:00:00  59252000.0  59253000.0  58800000.0  58810000.0   241.327839  1.422937e+10
2021-12-17 16:15:00  58819000.0  58819000.0  58500000.0  58586000.0   228.162961  1.338323e+10
2021-12-17 16:30:00  58586000.0  58722000.0  58519000.0  58525000.0   107.709150  6.313565e+09
2021-12-17 16:45:00  58527000.0  58750000.0  58350000.0  58671000.0   138.633399  8.114741e+09
2021-12-17 17:00:00  58671000.0  58752000.0  58600000.0  58673000.0    72.710810  4.266160e+09
2021-12-17 17:15:00  58673000.0  58673000.0  58565000.0  58612000.0    64.053568  3.753832e+09
2021-12-17 17:30:00  58612000.0  58840000.0  58608000.0  58790000.0    62.201589  3.651986e+09
2021-12-17 17:45:00  58789000.0  58904000.0  58672000.0  58804000.0    64.935483  3.817841e+09
2021-12-17 18:00:00  58804000.0  58819000.0  58669000.0  58669000.0    57.674271  3.388622e+09
2021-12-17 18:15:00  58669000.0  58966000.0  58608000.0  58960000.0   107.818899  6.340336e+09
2021-12-17 18:30:00  58960000.0  59125000.0  58887000.0  58938000.0   108.714159  6.411345e+09
2021-12-17 18:45:00  58925000.0  59075000.0  58905000.0  59050000.0    52.494936  3.094827e+09
2021-12-17 19:00:00  59054000.0  59056000.0  58901000.0  58921000.0    57.069447  3.367015e+09
2021-12-17 19:15:00  58921000.0  59128000.0  58660000.0  58670000.0   119.025664  7.008564e+09
2021-12-17 19:30:00  58670000.0  58847000.0  58635000.0  58759000.0    56.836175  3.339094e+09
2021-12-17 19:45:00  58793000.0  58799000.0  58638000.0  58645000.0    63.254974  3.714514e+09
2021-12-17 20:00:00  58645000.0  59045000.0  58643000.0  58969000.0    60.967789  3.588667e+09
2021-12-17 20:15:00  59002000.0  59089000.0  58864000.0  59050000.0    74.301350  4.381316e+09
2021-12-17 20:30:00  59050000.0  59088000.0  58926000.0  59082000.0    56.495430  3.333800e+09
2021-12-17 20:45:00  59088000.0  59094000.0  58920000.0  59006000.0    40.884532  2.412287e+09
2021-12-17 21:00:00  59007000.0  59050000.0  58831000.0  58934000.0    54.960962  3.239861e+09
2021-12-17 21:15:00  58933000.0  59255000.0  58922000.0  59147000.0   100.733941  5.953823e+09
2021-12-17 21:30:00  59171000.0  59214000.0  58926000.0  58966000.0    58.194114  3.436259e+09
2021-12-17 21:45:00  59018000.0  59018000.0  58727000.0  58850000.0   104.096820  6.125155e+09
2021-12-17 22:00:00  58843000.0  58969000.0  58780000.0  58847000.0    77.220550  4.546774e+09
2021-12-17 22:15:00  58847000.0  59075000.0  58822000.0  59025000.0    60.944899  3.593497e+09
2021-12-17 22:30:00  59026000.0  59109000.0  58906000.0  59000000.0    63.366968  3.739587e+09
2021-12-17 22:45:00  59000000.0  59000000.0  58790000.0  58900000.0    59.460329  3.501001e+09
2021-12-17 23:00:00  58898000.0  58928000.0  58601000.0  58602000.0   106.936854  6.279866e+09
2021-12-17 23:15:00  58602000.0  58780000.0  58532000.0  58550000.0    95.287902  5.587770e+09
2021-12-17 23:30:00  58550000.0  58700000.0  57911000.0  57924000.0   337.404867  1.962771e+10
2021-12-17 23:45:00  57917000.0  58238000.0  57775000.0  57998000.0   223.757509  1.297137e+10
2021-12-18 00:00:00  57999000.0  58003000.0  57550000.0  57554000.0   250.662534  1.446935e+10
2021-12-18 00:15:00  57555000.0  57976000.0  57400000.0  57907000.0   244.916019  1.412172e+10
2021-12-18 00:30:00  57906000.0  58349000.0  57843000.0  58030000.0   334.739890  1.944885e+10
2021-12-18 00:45:00  58031000.0  58283000.0  58000000.0  58189000.0   215.228106  1.251401e+10
2021-12-18 01:00:00  58189000.0  58700000.0  58100000.0  58511000.0   163.120832  9.516158e+09
2021-12-18 01:15:00  58513000.0  59290000.0  58432000.0  59250000.0   222.961069  1.310954e+10
2021-12-18 01:30:00  59246000.0  59330000.0  58441000.0  58570000.0   262.031965  1.542698e+10
2021-12-18 01:45:00  58570000.0  58975000.0  58353000.0  58939000.0    98.848030  5.802676e+09
2021-12-18 02:00:00  58939000.0  58940000.0  58733000.0  58841000.0    75.299660  4.430727e+09
2021-12-18 02:15:00  58841000.0  58924000.0  58652000.0  58798000.0    51.233922  3.012592e+09
2021-12-18 02:30:00  58794000.0  58855000.0  58500000.0  58500000.0    34.195641  2.008348e+09
2021-12-18 02:45:00  58543000.0  58626000.0  58410000.0  58601000.0    49.899705  2.921200e+09
2021-12-18 03:00:00  58601000.0  58710000.0  58514000.0  58523000.0    36.380002  2.131493e+09
2021-12-18 03:15:00  58527000.0  58687000.0  58511000.0  58566000.0    22.462654  1.315958e+09
2021-12-18 03:30:00  58598000.0  58669000.0  58566000.0  58573000.0    28.734894  1.683778e+09
2021-12-18 03:45:00  58573000.0  58856000.0  58548000.0  58850000.0    31.195138  1.831228e+09
2021-12-18 04:00:00  58849000.0  58933000.0  58796000.0  58843000.0    42.898866  2.524309e+09
2021-12-18 04:15:00  58843000.0  58925000.0  58690000.0  58694000.0    28.481195  1.675991e+09
2021-12-18 04:30:00  58694000.0  58755000.0  58541000.0  58619000.0    17.581183  1.030910e+09
2021-12-18 04:45:00  58621000.0  58756000.0  58547000.0  58671000.0    20.945643  1.227957e+09
2021-12-18 05:00:00  58669000.0  58700000.0  58565000.0  58616000.0    21.132934  1.239332e+09
2021-12-18 05:15:00  58613000.0  58613000.0  58201000.0  58274000.0    37.363576  2.182657e+09
2021-12-18 05:30:00  58329000.0  58329000.0  58061000.0  58178000.0    37.049586  2.155240e+09
2021-12-18 05:45:00  58182000.0  58293000.0  58089000.0  58100000.0    34.371566  1.999717e+09
2021-12-18 06:00:00  58098000.0  58217000.0  58050000.0  58165000.0    28.425327  1.652987e+09
2021-12-18 06:15:00  58165000.0  58516000.0  58165000.0  58374000.0    24.037715  1.403428e+09
2021-12-18 06:30:00  58379000.0  58866000.0  58379000.0  58688000.0    42.822741  2.512309e+09
2021-12-18 06:45:00  58747000.0  58814000.0  58645000.0  58671000.0    26.478350  1.555706e+09
2021-12-18 07:00:00  58671000.0  58798000.0  58030000.0  58149000.0    71.923277  4.198467e+09
2021-12-18 07:15:00  58149000.0  58224000.0  57600000.0  58214000.0   164.136220  9.502385e+09
2021-12-18 07:30:00  58215000.0  58360000.0  57822000.0  58079000.0    67.782221  3.938265e+09
2021-12-18 07:45:00  58079000.0  58500000.0  58041000.0  58380000.0    64.729238  3.771218e+09
2021-12-18 08:00:00  58380000.0  58389000.0  58215000.0  58280000.0    34.095586  1.987334e+09
2021-12-18 08:15:00  58283000.0  58349000.0  58109000.0  58196000.0    46.612220  2.715028e+09
2021-12-18 08:30:00  58230000.0  58295000.0  58104000.0  58250000.0    55.285419  3.218854e+09
2021-12-18 08:45:00  58250000.0  58276000.0  58000000.0  58086000.0    78.317704  4.553133e+09
2021-12-18 09:00:00  58110000.0  58240000.0  57646000.0  57792000.0   239.223117  1.386108e+10
2021-12-18 09:15:00  57795000.0  58081000.0  57777000.0  57888000.0   172.422348  9.990890e+09
2021-12-18 09:30:00  57888000.0  58160000.0  57689000.0  58024000.0   118.702226  6.878447e+09
2021-12-18 09:45:00  58025000.0  58240000.0  58003000.0  58112000.0   159.675324  9.284314e+09
2021-12-18 10:00:00  58112000.0  58167000.0  57650000.0  57690000.0   142.620818  8.255526e+09
2021-12-18 10:15:00  57690000.0  57840000.0  57402000.0  57432000.0   180.162534  1.037089e+10
2021-12-18 10:30:00  57432000.0  57526000.0  57349000.0  57523000.0   146.013077  8.386272e+09
2021-12-18 10:45:00  57523000.0  57524000.0  57339000.0  57410000.0   101.318909  5.816674e+09
2021-12-18 11:00:00  57411000.0  57501000.0  57207000.0  57470000.0   115.259359  6.611204e+09
2021-12-18 11:15:00  57470000.0  57595000.0  57404000.0  57487000.0    54.635235  3.142080e+09
2021-12-18 11:30:00  57521000.0  57571000.0  57446000.0  57545000.0    62.615233  3.601318e+09
2021-12-18 11:45:00  57560000.0  57576000.0  57300000.0  57345000.0    54.032124  3.103164e+09
2021-12-18 12:00:00  57345000.0  57515000.0  57335000.0  57485000.0    60.205295  3.459237e+09
2021-12-18 12:15:00  57505000.0  57595000.0  57470000.0  57594000.0    47.679056  2.743168e+09
2021-12-18 12:30:00  57590000.0  58020000.0  57581000.0  57943000.0   122.661181  7.094799e+09
2021-12-18 12:45:00  57948000.0  57948000.0  57823000.0  57869000.0    47.038638  2.722189e+09
2021-12-18 13:00:00  57869000.0  57869000.0  57650000.0  57711000.0    52.950234  3.058076e+09
2021-12-18 13:15:00  57711000.0  57869000.0  57679000.0  57818000.0    35.700149  2.063261e+09
2021-12-18 13:30:00  57818000.0  57975000.0  57701000.0  57963000.0    52.471271  3.032875e+09
2021-12-18 13:45:00  57962000.0  58019000.0  57880000.0  57950000.0    86.658378  5.024694e+09
2021-12-18 14:00:00  57952000.0  58007000.0  57751000.0  57969000.0    52.080744  3.015017e+09
2021-12-18 14:15:00  57969000.0  58269000.0  57954000.0  58228000.0    61.383489  3.564503e+09
2021-12-18 14:30:00  58237000.0  58363000.0  58140000.0  58248000.0    88.114627  5.132636e+09
2021-12-18 14:45:00  58247000.0  58352000.0  58080000.0  58080000.0    83.312141  4.850742e+09
2021-12-18 15:00:00  58080000.0  58230000.0  58001000.0  58040000.0    37.217637  2.163558e+09
2021-12-18 15:15:00  58040000.0  58091000.0  57914000.0  57978000.0    38.235089  2.217590e+09
2021-12-18 15:30:00  57978000.0  57990000.0  57853000.0  57898000.0    39.192368  2.269933e+09
2021-12-18 15:45:00  57898000.0  57944000.0  57835000.0  57868000.0    45.399810  2.627500e+09
2021-12-18 16:00:00  57868000.0  57938000.0  57800000.0  57855000.0    49.154669  2.845133e+09
2021-12-18 16:15:00  57869000.0  57910000.0  57760000.0  57867000.0    33.009646  1.909391e+09
2021-12-18 16:30:00  57907000.0  57948000.0  57865000.0  57939000.0    32.565544  1.886190e+09
2021-12-18 16:45:00  57942000.0  57974000.0  57865000.0  57969000.0    45.776756  2.651863e+09
2021-12-18 17:00:00  57969000.0  58158000.0  57904000.0  58057000.0    47.044538  2.728797e+09
2021-12-18 17:15:00  58058000.0  58165000.0  58007000.0  58037000.0    46.902232  2.724695e+09
2021-12-18 17:30:00  58063000.0  58063000.0  57731000.0  57744000.0    46.856290  2.713087e+09
2021-12-18 17:45:00  57749000.0  57797000.0  57657000.0  57773000.0    59.937519  3.458569e+09
2021-12-18 18:00:00  57773000.0  57916000.0  57769000.0  57899000.0    42.198122  2.440820e+09
2021-12-18 18:15:00  57899000.0  57993000.0  57875000.0  57896000.0    39.743665  2.302345e+09
2021-12-18 18:30:00  57896000.0  58102000.0  57891000.0  58076000.0    59.372147  3.443042e+09
2021-12-18 18:45:00  58084000.0  58356000.0  58043000.0  58316000.0    70.348126  4.091448e+09
2021-12-18 19:00:00  58316000.0  58463000.0  58215000.0  58222000.0    89.265202  5.206426e+09
2021-12-18 19:15:00  58222000.0  58437000.0  58195000.0  58276000.0    56.027299  3.266039e+09
2021-12-18 19:30:00  58300000.0  58500000.0  58276000.0  58461000.0    69.189148  4.039477e+09
2021-12-18 19:45:00  58461000.0  58850000.0  58461000.0  58841000.0   106.677226  6.262473e+09
2021-12-18 20:00:00  58840000.0  58867000.0  58649000.0  58706000.0    64.814976  3.806965e+09
2021-12-18 20:15:00  58706000.0  58706000.0  58475000.0  58688000.0    69.084715  4.047010e+09
2021-12-18 20:30:00  58688000.0  58757000.0  58601000.0  58644000.0    47.603631  2.794758e+09
2021-12-18 20:45:00  58644000.0  58645000.0  58381000.0  58527000.0    44.537289  2.606714e+09
2021-12-18 21:00:00  58527000.0  58655000.0  58511000.0  58626000.0    46.483231  2.723955e+09
2021-12-18 21:15:00  58627000.0  58650000.0  58431000.0  58566000.0   120.556583  7.060836e+09
2021-12-18 21:30:00  58561000.0  58650000.0  58465000.0  58492000.0    80.696718  4.727083e+09
2021-12-18 21:45:00  58495000.0  58624000.0  58480000.0  58560000.0    81.473291  4.770938e+09
2021-12-18 22:00:00  58559000.0  58564000.0  58488000.0  58503000.0    57.339728  3.355133e+09
2021-12-18 22:15:00  58508000.0  58600000.0  58380000.0  58515000.0    76.611847  4.482065e+09
2021-12-18 22:30:00  58515000.0  58543000.0  58274000.0  58300000.0    63.845278  3.729617e+09
2021-12-18 22:45:00  58300000.0  58413000.0  58068000.0  58075000.0    64.841198  3.777007e+09
2021-12-18 23:00:00  58088000.0  58214000.0  58066000.0  58178000.0    55.125446  3.205420e+09
2021-12-18 23:15:00  58178000.0  58387000.0  58162000.0  58200000.0    77.220912  4.500729e+09
2021-12-18 23:30:00  58200000.0  58436000.0  58198000.0  58425000.0    74.618179  4.353662e+09
2021-12-18 23:45:00  58425000.0  58464000.0  58372000.0  58404000.0    58.345542  3.408026e+09
2021-12-19 00:00:00  58400000.0  58459000.0  58382000.0  58458000.0    41.079352  2.399762e+09
2021-12-19 00:15:00  58426000.0  58632000.0  58425000.0  58476000.0    67.133742  3.928546e+09
2021-12-19 00:30:00  58476000.0  58516000.0  58372000.0  58465000.0    38.941234  2.275118e+09
2021-12-19 00:45:00  58465000.0  58470000.0  58304000.0  58304000.0    43.309058  2.526544e+09
2021-12-19 01:00:00  58304000.0  58366000.0  58302000.0  58345000.0    34.492525  2.011220e+09
2021-12-19 01:15:00  58345000.0  58545000.0  58305000.0  58537000.0    37.023442  2.163870e+09
2021-12-19 01:30:00  58531000.0  58537000.0  58305000.0  58390000.0    39.144250  2.286916e+09
2021-12-19 01:45:00  58390000.0  58429000.0  58340000.0  58379000.0    29.087382  1.698298e+09
2021-12-19 02:00:00  58354000.0  58398000.0  58307000.0  58310000.0    15.361711  8.962017e+08
2021-12-19 02:15:00  58363000.0  58363000.0  58200000.0  58238000.0    40.589047  2.366276e+09
2021-12-19 02:30:00  58241000.0  58296000.0  58200000.0  58240000.0    15.596977  9.084037e+08
2021-12-19 02:45:00  58275000.0  58276000.0  58168000.0  58186000.0    12.902799  7.512500e+08
2021-12-19 03:00:00  58186000.0  58239000.0  58127000.0  58128000.0    11.803683  6.867454e+08
2021-12-19 03:15:00  58128000.0  58261000.0  58120000.0  58138000.0    12.248538  7.125375e+08
2021-12-19 03:30:00  58159000.0  58201000.0  58084000.0  58112000.0    12.012100  6.982036e+08
2021-12-19 03:45:00  58158000.0  58194000.0  58099000.0  58170000.0     7.451158  4.332030e+08
2021-12-19 04:00:00  58187000.0  58194000.0  57865000.0  57911000.0    59.192154  3.433176e+09
2021-12-19 04:15:00  57923000.0  58149000.0  57901000.0  58040000.0    14.301424  8.293133e+08
2021-12-19 04:30:00  58040000.0  58093000.0  57972000.0  58030000.0    10.635344  6.170765e+08
2021-12-19 04:45:00  58030000.0  58152000.0  58006000.0  58087000.0    12.584345  7.312467e+08
2021-12-19 05:00:00  58087000.0  58119000.0  58012000.0  58057000.0     6.053691  3.515240e+08
2021-12-19 05:15:00  58073000.0  58144000.0  58020000.0  58139000.0     4.815945  2.798030e+08
2021-12-19 05:30:00  58140000.0  58243000.0  58139000.0  58243000.0     7.112336  4.139869e+08
2021-12-19 05:45:00  58238000.0  58400000.0  58238000.0  58358000.0    11.906582  6.943597e+08
2021-12-19 06:00:00  58384000.0  58432000.0  58222000.0  58290000.0    20.219693  1.180072e+09
2021-12-19 06:15:00  58298000.0  58325000.0  58180000.0  58262000.0    12.975451  7.556235e+08
2021-12-19 06:30:00  58262000.0  58496000.0  58256000.0  58488000.0    40.952966  2.391643e+09
2021-12-19 06:45:00  58487000.0  58489000.0  58430000.0  58436000.0    18.837048  1.100780e+09
2021-12-19 07:00:00  58436000.0  58554000.0  58313000.0  58393000.0    47.489690  2.774352e+09
2021-12-19 07:15:00  58393000.0  58549000.0  58303000.0  58305000.0    19.254905  1.125224e+09
2021-12-19 07:30:00  58305000.0  58371000.0  58254000.0  58296000.0    16.134938  9.406768e+08
2021-12-19 07:45:00  58296000.0  58337000.0  58119000.0  58181000.0    18.666255  1.087011e+09
2021-12-19 08:00:00  58181000.0  58355000.0  58110000.0  58263000.0    26.173931  1.523790e+09
2021-12-19 08:15:00  58271000.0  58490000.0  58092000.0  58399000.0    79.583248  4.640323e+09
2021-12-19 08:30:00  58430000.0  58535000.0  58398000.0  58503000.0    50.897985  2.977148e+09
2021-12-19 08:45:00  58504000.0  58504000.0  58342000.0  58402000.0    69.371884  4.056714e+09
2021-12-19 09:00:00  58438000.0  58502000.0  58341000.0  58465000.0    81.424779  4.755445e+09
2021-12-19 09:15:00  58466000.0  58483000.0  58161000.0  58268000.0    92.478257  5.392214e+09
2021-12-19 09:30:00  58281000.0  58300000.0  58150000.0  58188000.0    81.530817  4.749246e+09
2021-12-19 09:45:00  58188000.0  58294000.0  58146000.0  58273000.0    52.008952  3.027382e+09
2021-12-19 10:00:00  58293000.0  58408000.0  58260000.0  58375000.0    61.132264  3.567316e+09
2021-12-19 10:15:00  58376000.0  58377000.0  58116000.0  58116000.0    81.763052  4.764738e+09
2021-12-19 10:30:00  58117000.0  58224000.0  58071000.0  58181000.0    60.324666  3.508196e+09
2021-12-19 10:45:00  58198000.0  58350000.0  58161000.0  58259000.0    73.115143  4.258907e+09
2021-12-19 11:00:00  58291000.0  58403000.0  58203000.0  58400000.0    88.283526  5.149485e+09
2021-12-19 11:15:00  58401000.0  58500000.0  58281000.0  58457000.0   111.888523  6.536510e+09
2021-12-19 11:30:00  58457000.0  58490000.0  58363000.0  58486000.0    91.219899  5.332132e+09
2021-12-19 11:45:00  58486000.0  58729000.0  58450000.0  58699000.0    99.851487  5.847956e+09
2021-12-19 12:00:00  58699000.0  59015000.0  58627000.0  58921000.0   129.215630  7.599608e+09
2021-12-19 12:15:00  58930000.0  59488000.0  58921000.0  59439000.0   201.775998  1.195255e+10
2021-12-19 12:30:00  59451000.0  59488000.0  59234000.0  59270000.0   157.844356  9.371078e+09
2021-12-19 12:45:00  59270000.0  59356000.0  59100000.0  59239000.0    84.761300  5.020445e+09
2021-12-19 13:00:00  59239000.0  59478000.0  59205000.0  59428000.0    88.038611  5.230683e+09
2021-12-19 13:15:00  59428000.0  59500000.0  59303000.0  59389000.0    74.806452  4.444214e+09
2021-12-19 13:30:00  59389000.0  59698000.0  59336000.0  59557000.0   106.459834  6.341474e+09
2021-12-19 13:45:00  59556000.0  59628000.0  59449000.0  59493000.0    60.729439  3.616085e+09
2021-12-19 14:00:00  59493000.0  59550000.0  59388000.0  59529000.0    42.579219  2.531545e+09
2021-12-19 14:15:00  59529000.0  59550000.0  59325000.0  59341000.0    71.014478  4.219927e+09
2021-12-19 14:30:00  59341000.0  59341000.0  59175000.0  59189000.0    67.394899  3.993927e+09
2021-12-19 14:45:00  59199000.0  59282000.0  59054000.0  59207000.0    61.959570  3.668010e+09
2021-12-19 15:00:00  59204000.0  59253000.0  59133000.0  59166000.0    53.432086  3.163315e+09
2021-12-19 15:15:00  59180000.0  59237000.0  59100000.0  59141000.0    29.314638  1.734320e+09
2021-12-19 15:30:00  59141000.0  59141000.0  58960000.0  59029000.0    44.577861  2.632131e+09
2021-12-19 15:45:00  59041000.0  59062000.0  58890000.0  58895000.0    39.633866  2.337162e+09
2021-12-19 16:00:00  58895000.0  59130000.0  58867000.0  59124000.0    48.993863  2.889622e+09
2021-12-19 16:15:00  59124000.0  59173000.0  59064000.0  59164000.0    37.908074  2.241299e+09
2021-12-19 16:30:00  59175000.0  59300000.0  59117000.0  59280000.0    45.517872  2.695520e+09
2021-12-19 16:45:00  59280000.0  59280000.0  59054000.0  59069000.0    41.813044  2.472923e+09
2021-12-19 17:00:00  59088000.0  59168000.0  59070000.0  59103000.0    35.383292  2.091602e+09
2021-12-19 17:15:00  59103000.0  59104000.0  59068000.0  59068000.0    30.905660  1.826108e+09
2021-12-19 17:30:00  59069000.0  59077000.0  58900000.0  59040000.0    40.258312  2.375522e+09
2021-12-19 17:45:00  59046000.0  59050000.0  58949000.0  58973000.0    38.435387  2.267673e+09
2021-12-19 18:00:00  58973000.0  59029000.0  58789000.0  58792000.0    60.699892  3.576874e+09
2021-12-19 18:15:00  58789000.0  58873000.0  58620000.0  58666000.0    75.787437  4.449976e+09
2021-12-19 18:30:00  58694000.0  58700000.0  58586000.0  58638000.0    59.560774  3.492516e+09
2021-12-19 18:45:00  58638000.0  58764000.0  58638000.0  58696000.0    48.129416  2.825363e+09
2021-12-19 19:00:00  58696000.0  58756000.0  58525000.0  58588000.0    61.213927  3.588791e+09
2021-12-19 19:15:00  58588000.0  58632000.0  58455000.0  58593000.0    47.659701  2.789068e+09
2021-12-19 19:30:00  58592000.0  58856000.0  58580000.0  58813000.0    50.618721  2.970430e+09
2021-12-19 19:45:00  58813000.0  58910000.0  58700000.0  58769000.0   103.806157  6.103918e+09
2021-12-19 20:00:00  58769000.0  58791000.0  58600000.0  58708000.0    69.899050  4.102214e+09
2021-12-19 20:15:00  58702000.0  58845000.0  58700000.0  58730000.0    76.972336  4.524013e+09